0	-21.041847	130.5141	706.4902	-0.102009535	0.027506435	-0.9944033	0.01852747	0.9994969	0.025746733	0.9946113	-0.015797341	-0.10246762
4000	151.3855	129.3413	703.16235	-0.17114498	0.010178234	-0.98519367	-0.0018186343	0.9999418	0.010646535	0.9852448	0.0036138194	-0.17111628
#cut
4000	354.90988	41.983337	367.576	0.66790164	0.024737792	0.7438505	-0.10405645	0.99274147	0.060416214	-0.73694927	-0.11775368	0.6656229
7000	346.842	34.132214	314.85654	0.81055987	-0.004828795	0.5856513	-0.061434418	0.9937554	0.09322038	-0.58243746	-0.11153918	0.8051964
#6000	308.3607	31.49424	248.94685	0.96347964	-0.031909537	0.2659057	-0.002278449	0.9918709	0.12728357	-0.2678014	-0.12324039	0.95556915
#9000	204.18604	17.969433	281.6945	0.93069583	0.037167612	-0.36392212	-0.047730505	0.9986659	-0.020071987	0.36268914	0.03604989	0.93122375
#cut
7000	199.66202	30.913418	338.61588	0.9243429	0.03227423	-0.38021633	-0.0039678775	0.9971832	0.07499814	0.38156426	-0.06781542	0.9218628
10000	197.56007	95.81764	354.5273	0.89722395	0.059312914	-0.4375925	0.19220193	0.8397091	0.507901	0.39757353	-0.5398018	0.74200416
#cut
10000	184.22536	52.81654	394.55103	0.7101935	0.0064532636	-0.70398116	0.29726103	0.90370035	0.30816835	0.63817483	-0.42812467	0.6398832
13000	195.22571	63.78749	359.1277	0.8106195	-0.0017405525	-0.58557624	0.2621822	0.89524585	0.3602806	0.5236063	-0.4455773	0.7261592
#cut
13000	258.99213	133.55711	373.53165	0.967015	-0.056223284	-0.24845128	0.219354	0.6796747	0.6999541	0.1295128	-0.73136204	0.66958743
16000	303.4992	132.5689	344.7229	0.951373	0.044338264	0.30485108	-0.25966644	0.6478628	0.71614087	-0.16574673	-0.76047236	0.6278708
# cut: drehung zur rechten kachelwand 
#16000	348.2345	38.106316	373.93283	0.9876053	-0.0046219314	-0.15692267	-0.0016389941	0.999214	-0.03974566	0.15698342	0.039509054	0.9868186
#19000	348.2345	38.106316	373.93283	0.49932462	0.006835036	-0.866396	-0.017788399	0.9998445	-0.0023648748	0.8662391	0.01659201	0.49936843
#
16000	353.96167	92.70329	77.14404	0.9860277	0.017302418	0.16573754	-0.041765887	0.9885168	0.14528	-0.16131705	-0.15017132	0.97542083
20000	353.96167	92.70329	77.14404	0.9860277	0.017302418	0.16573754	-0.041765887	0.9885168	0.14528	-0.16131705	-0.15017132	0.97542083


