0	-149.47768	28.875952	-169.51463	0.9785217	-0.017141802	-0.20543995	0.007573394	0.9988543	-0.047271572	0.20601496	0.044699926	0.97752976

4000	-133.22371	29.785015	-37.304882	0.7999925	-0.03727853	-0.5988587	0.018211948	0.99912035	-0.037866004	0.59974307	0.019386126	0.7999647
8000	-130.41144	32.165234	14.170685	0.29187477	-0.014146601	-0.95635706	-0.06614213	0.9972023	-0.03493695	0.9541733	0.07345229	0.29012203

12000	-61.79182	37.072174	18.349981	-0.0865909	-0.043656643	-0.9952924	-0.06619431	0.9970877	-0.03797652	0.99404883	0.06259389	-0.089227185
15000	-6.8514223	65.34054	-19.734894	0.29171377	-0.05178107	-0.9551089	0.025438955	0.9986044	-0.046369538	0.9561744	-0.010770116	0.29262316
18000	55.428333	57.424152	-94.077324	0.9727668	-0.017262848	-0.23117301	0.035999738	0.9963792	0.07707976	0.22900529	-0.08330188	0.9698607
21000	79.55707	20.720188	-71.994484	0.9727668	-0.017262848	-0.23117301	0.035999738	0.9963792	0.07707976	0.22900529	-0.08330188	0.9698607
24000	-8.227204	22.778131	-3.9137897	0.15847905	-0.0018694829	-0.98736674	0.029884316	0.9995541	0.0029042535	0.98691785	-0.02996656	0.15846364
27000	-22.912066	38.996956	74.39299	-0.3724572	0.013831459	-0.9279532	0.029884316	0.9995541	0.0029042535	0.9275765	-0.02664921	-0.37270156
29000	-17.479588	81.679886	80.64839	-0.51304173	-0.015247056	-0.8582362	0.07840816	0.9948349	-0.06454464	0.8547845	-0.10040591	-0.50919235
31000	-56.919483	136.703	14.122136	0.029440563	0.058578003	-0.99785525	0.3372944	0.93915313	0.06508389	0.94094783	-0.33848366	0.007891286
33000	65.30812	110.629745	-163.39557	0.97768646	-0.018687038	-0.20927978	0.08080797	0.9528758	0.29242235	0.19395253	-0.30280542	0.9331158
35000	139.86174	110.86786	-373.97604	0.99793136	0.0076660714	-0.06398061	8.147415E-4	0.99132407	0.13148719	0.06443352	-0.13126557	0.9892586

// fly outside brick house
38000	212.80946	55.450756	-393.50424	0.99901336	-0.013651663	-0.042522255	0.015041519	0.9993639	0.032565463	0.04205219	-0.033172302	0.99857306
40000	243.84326	60.468185	-217.75827	0.9507427	0.003948469	-0.31000793	-0.03145539	0.99600035	-0.083779156	0.30843496	0.089402124	0.9470507

44000	602.4912	201.65192	295.8116	0.7880562	-0.006571632	-0.61559564	0.05557482	0.9966344	0.060505606	0.61311936	-0.081891984	0.7857575

50000	1398.568	494.14	1021.4335	0.81891495	-0.013267514	-0.57379115	0.06742474	0.9950489	0.07322121	0.56997263	-0.09864784	0.8157429

// nase hoch
53000	1423.2339	495.0111	1055.342	0.8087762	-0.013267514	-0.5879958	-0.11517346	0.9768318	-0.18045838	0.57676053	0.21366736	0.7884987
58000	1423.2339	495.0111	1055.342	0.8087762	-0.013267514	-0.5879958	-0.44584754	0.63820773	-0.62765163	0.38358608	0.76976997	0.5102444
