#move into cube
0	1011.0	304.0	-1020.0	1.0	0.0	0.0	0.0	1.0	0.0	0.0	0.0	1.0
2000	970.0	231.0	-20.0	1.0	0.0	0.0	0.0	1.0	0.0	0.0	0.0	1.0
4000	970.0	231.0	1280.0	0.62926316	0.0068191993	0.7771627	-0.01677633	0.9998477	0.004810533	-0.7770116	-0.016065028	0.6292818
5500	967.9137	235.6741	1367.2142	0.99936354	0.0034909192	-0.035512213	-0.004438946	0.9996356	-0.026653688	0.03540587	0.02679434	0.99901456

# move inside cube facing the wall (short) 
5500	2380.4658	241.69131	1385.5443	0.9960406	-0.016803332	-0.08732103	0.016734563	0.99985904	-0.0015204363	0.08733408	5.308492E-5	0.99618137
10000	3405.0132	211.75827	1395.7169	0.99783903	-0.010532064	-0.06490012	0.009898897	0.9999009	-0.010071349	0.06499945	0.009407039	0.9978436

# move inside cube facing forward 2
10000	4629.9263	226.91035	5828.171	0.9832344	-0.0036591887	-0.1823349	-0.18234403	-0.002352694	-0.98323727	0.003169069	0.99999297	-0.0029804404
14700	4583.321	2880.572	5789.694	0.99992526	0.008890521	0.009252946	0.008830511	0.046448864	-0.99888945	-0.009310088	0.9988858	0.046366647

# move inside cube facing the wall (short)
14700	2380.4658	241.69131	1385.5443	0.9960406	-0.016803332	-0.08732103	0.016734563	0.99985904	-0.0015204363	0.08733408	5.308492E-5	0.99618137
18000	3405.0132	211.75827	1395.7169	0.99783903	-0.010532064	-0.06490012	0.009898897	0.9999009	-0.010071349	0.06499945	0.009407039	0.9978436

# elevated move
18000	551.2352	2388.7559	1490.908	-0.06858342	0.051039968	-0.9963515	-0.0024729855	0.99868643	0.05133025	0.9976548	0.0059837787	-0.06836623
19500	1948.9563	2444.7036	1477.5443	-0.044165067	0.15046693	-0.98764116	-0.29385984	0.9429101	0.1567942	0.95484155	0.29714727	0.00257294073
21000	3237.0027	2878.588	1487.1082	-0.027131382	0.15417203	-0.98768467	-0.22654322	0.96138877	0.15629186	0.973637	0.22798944	0.008843231

# move inside cube facing forward
21000	4585.41	238.72787	1479.2448	0.99539435	-0.0028651915	-0.0958673	-2.9036961E-4	0.99945986	-0.032887332	0.095909655	0.032763485	0.9948542
23500	4604.818	266.27582	2896.5283	0.99957216	0.028839609	0.0062778722	-0.029133137	0.9981588	0.05326156	-0.0047314037	-0.05342122	0.9985678
29500	4622.7085	296.64105	5057.177	0.99996454	-0.0018239936	-0.008735113	0.0016884067	0.99987894	-0.01551974	0.008762253	0.015504334	0.999845
# clap
# move inside cube facing forward 2
29500	4629.9263	226.91035	5828.171	0.9832344	-0.0036591887	-0.1823349	-0.18234403	-0.002352694	-0.98323727	0.003169069	0.99999297	-0.0029804404
33000	4583.321	2880.572	5789.694	0.99992526	0.008890521	0.009252946	0.008830511	0.046448864	-0.99888945	-0.009310088	0.9988858	0.046366647

# move inside cube facing the wall (short)
33000	2380.4658	241.69131	1385.5443	0.9960406	-0.016803332	-0.08732103	0.016734563	0.99985904	-0.0015204363	0.08733408	5.308492E-5	0.99618137
36000	3405.0132	211.75827	1395.7169	0.99783903	-0.010532064	-0.06490012	0.009898897	0.9999009	-0.010071349	0.06499945	0.009407039	0.9978436

#move into cube 2
36000	1011.0	304.0	-1020.0	1.0	0.0	0.0	0.0	1.0	0.0	0.0	0.0	1.0
38000	970.0	231.0	-20.0	1.0	0.0	0.0	0.0	1.0	0.0	0.0	0.0	1.0
40500	967.9137	235.6741	1367.2142	0.99936354	0.0034909192	-0.035512213	-0.004438946	0.9996356	-0.026653688	0.03540587	0.02679434	0.99901456

# move inside cube facing forward (short)
40500	4585.41	238.72787	1479.2448	0.99539435	-0.0028651915	-0.0958673	-2.9036961E-4	0.99945986	-0.032887332	0.095909655	0.032763485	0.9948542
44400	4604.818	266.27582	2896.5283	0.99957216	0.028839609	0.0062778722	-0.029133137	0.9981588	0.05326156	-0.0047314037	-0.05342122	0.9985678
# clap
# elevated move
44400	551.2352	2388.7559	1490.908	-0.06858342	0.051039968	-0.9963515	-0.0024729855	0.99868643	0.05133025	0.9976548	0.0059837787	-0.06836623
46000	1948.9563	2444.7036	1477.5443	-0.044165067	0.15046693	-0.98764116	-0.29385984	0.9429101	0.1567942	0.95484155	0.29714727	0.00257294073
48000	3237.0027	2878.588	1487.1082	-0.027131382	0.15417203	-0.98768467	-0.22654322	0.96138877	0.15629186	0.973637	0.22798944	0.008843231

# twisted move inside cube
48000	1177.5803	2081.0464	3636.098	-0.48909518	0.7233298	0.48743883	0.1390951	0.6163661	-0.77508837	-0.8610799	-0.31128693	-0.40207097
49000	404.6137	2348.7058	2727.226	-0.4346625	0.68143415	0.58884054	0.6906043	0.67186314	-0.26773602	-0.5780616	0.29027718	-0.76263016
51000	170.21225	2378.2551	2195.922	-0.99843603	-0.021916345	-0.051656015	-0.02986795	0.9869022	0.15857777	0.04750302	0.15987012	-0.9860059
52500	253.41603	2412.8123	1517.8757	-0.9997259	-0.023895912	6.398298E-4	-0.02385599	0.99902964	0.037226573	-0.0015293229	0.037200563	-0.99931836

# move outside cube
52500	5404.378	2859.7678	2914.823	0.41765028	-0.109266534	0.90203047	0.0015650066	0.9928376	0.11954312	-0.90862364	-0.04851438	0.4148247
54300	8451.473	3001.3987	1698.5345	0.4138036	0.029973138	0.9098892	-0.05657592	0.99838245	-0.0071586054	-0.90862364	-0.04851438	0.4148247
56000	10651.801	2951.827	589.9616	0.5642133	0.0055983644	0.82562864	0.07470884	0.9955386	-0.05780431	-0.8222613	0.094294	0.56127095
59200	12332.151	2705.1367	-498.14105	0.47485203	0.012667756	0.8799918	0.04529782	0.99822944	-0.038812872	-0.8789178	0.05829107	0.4734316
# clap

# ------------------------------------------

# move outside cube
#0	5404.378	2859.7678	2914.823	0.41765028	-0.109266534	0.90203047	0.0015650066	0.9928376	0.11954312	-0.90862364	-0.04851438	0.4148247
#2000	8451.473	3001.3987	1698.5345	0.4138036	0.029973138	0.9098892	-0.05657592	0.99838245	-0.0071586054	-0.90862364	-0.04851438	0.4148247
#4000	10651.801	2951.827	589.9616	0.5642133	0.0055983644	0.82562864	0.07470884	0.9955386	-0.05780431	-0.8222613	0.094294	0.56127095
#6000	12332.151	2705.1367	-498.14105	0.47485203	0.012667756	0.8799918	0.04529782	0.99822944	-0.038812872	-0.8789178	0.05829107	0.4734316

# elevated move
#0	551.2352	2388.7559	1490.908	-0.06858342	0.051039968	-0.9963515	-0.0024729855	0.99868643	0.05133025	0.9976548	0.0059837787	-0.06836623
#2000	1948.9563	2444.7036	1477.5443	-0.044165067	0.15046693	-0.98764116	-0.29385984	0.9429101	0.1567942	0.95484155	0.29714727	0.00257294073
#4000	3237.0027	2878.588	1487.1082	-0.027131382	0.15417203	-0.98768467	-0.22654322	0.96138877	0.15629186	0.973637	0.22798944	0.008843231

# twisted move inside cube
#0	1177.5803	2081.0464	3636.098	-0.48909518	0.7233298	0.48743883	0.1390951	0.6163661	-0.77508837	-0.8610799	-0.31128693	-0.40207097
#1000	404.6137	2348.7058	2727.226	-0.4346625	0.68143415	0.58884054	0.6906043	0.67186314	-0.26773602	-0.5780616	0.29027718	-0.76263016
#2000	170.21225	2378.2551	2195.922	-0.99843603	-0.021916345	-0.051656015	-0.02986795	0.9869022	0.15857777	0.04750302	0.15987012	-0.9860059
#3000	253.41603	2412.8123	1517.8757	-0.9997259	-0.023895912	6.398298E-4	-0.02385599	0.99902964	0.037226573	-0.0015293229	0.037200563	-0.99931836

# move inside cube facing forward 2
#0	4629.9263	226.91035	5828.171	0.9832344	-0.0036591887	-0.1823349	-0.18234403	-0.002352694	-0.98323727	0.003169069	0.99999297	-0.0029804404
#4000	4583.321	2880.572	5789.694	0.99992526	0.008890521	0.009252946	0.008830511	0.046448864	-0.99888945	-0.009310088	0.9988858	0.046366647

# move inside cube facing forward (short)
#0	4585.41	238.72787	1479.2448	0.99539435	-0.0028651915	-0.0958673	-2.9036961E-4	0.99945986	-0.032887332	0.095909655	0.032763485	0.9948542
#4000	4604.818	266.27582	2896.5283	0.99957216	0.028839609	0.0062778722	-0.029133137	0.9981588	0.05326156	-0.0047314037	-0.05342122	0.9985678

# move inside cube facing forward
#0	4585.41	238.72787	1479.2448	0.99539435	-0.0028651915	-0.0958673	-2.9036961E-4	0.99945986	-0.032887332	0.095909655	0.032763485	0.9948542
#4000	4604.818	266.27582	2896.5283	0.99957216	0.028839609	0.0062778722	-0.029133137	0.9981588	0.05326156	-0.0047314037	-0.05342122	0.9985678
#10000	4622.7085	296.64105	5057.177	0.99996454	-0.0018239936	-0.008735113	0.0016884067	0.99987894	-0.01551974	0.008762253	0.015504334	0.999845

#move into cube
#0	1011.0	304.0	-1020.0	1.0	0.0	0.0	0.0	1.0	0.0	0.0	0.0	1.0
#2000	970.0	231.0	-20.0	1.0	0.0	0.0	0.0	1.0	0.0	0.0	0.0	1.0
#4000	970.0	231.0	1280.0	0.62926316	0.0068191993	0.7771627	-0.01677633	0.9998477	0.004810533	-0.7770116	-0.016065028	0.6292818
#5000	967.9137	235.6741	1367.2142	0.99936354	0.0034909192	-0.035512213	-0.004438946	0.9996356	-0.026653688	0.03540587	0.02679434	0.99901456

#move into cube 2
#0	1011.0	304.0	-1020.0	1.0	0.0	0.0	0.0	1.0	0.0	0.0	0.0	1.0
#2000	970.0	231.0	-20.0	1.0	0.0	0.0	0.0	1.0	0.0	0.0	0.0	1.0
#4000	967.9137	235.6741	1367.2142	0.99936354	0.0034909192	-0.035512213	-0.004438946	0.9996356	-0.026653688	0.03540587	0.02679434	0.99901456

# move inside cube facing the wall (short)
#5000	2380.4658	241.69131	1385.5443	0.9960406	-0.016803332	-0.08732103	0.016734563	0.99985904	-0.0015204363	0.08733408	5.308492E-5	0.99618137
#10000	3405.0132	211.75827	1395.7169	0.99783903	-0.010532064	-0.06490012	0.009898897	0.9999009	-0.010071349	0.06499945	0.009407039	0.9978436

# move inside cube facing the wall 
#5000	2380.4658	241.69131	1385.5443	0.9960406	-0.016803332	-0.08732103	0.016734563	0.99985904	-0.0015204363	0.08733408	5.308492E-5	0.99618137
#10000	3405.0132	211.75827	1395.7169	0.99783903	-0.010532064	-0.06490012	0.009898897	0.9999009	-0.010071349	0.06499945	0.009407039	0.9978436
#16000	4585.41	238.72787	1479.2448	0.99539435	-0.0028651915	-0.0958673	-2.9036961E-4	0.99945986	-0.032887332	0.095909655	0.032763485	0.9948542