0	1011.0	304.0	-1020.0	1.0	0.0	0.0	0.0	1.0	0.0	0.0	0.0	1.0
1500	970.0	231.0	-20.0	1.0	0.0	0.0	0.0	1.0	0.0	0.0	0.0	1.0
3500	970.0	231.0	1280.0	0.62926316	0.0068191993	0.7771627	-0.01677633	0.9998477	0.004810533	-0.7770116	-0.016065028	0.6292818

4500	967.9137	235.6741	1367.2142	0.99936354	0.0034909192	-0.035512213	-0.004438946	0.9996356	-0.026653688	0.03540587	0.02679434	0.99901456

5500	970.0	231.0	1280.0	0.4691138	0.04226737	-0.88212717	-0.014598004	0.99908876	0.040108494	0.8830179	-0.0059381337	0.46930337

7500	1345.4989	231.37044	1407.442	0.13923773	0.0068561863	-0.99023694	-0.009744613	0.99993724	0.0055531133	0.9902123	0.008876274	0.13929573
11500	2082.8394	245.61267	1456.688	0.017506454	0.006635196	-0.99982655	-0.009816352	0.9999311	0.006463975	0.9998001	0.009701501	0.017570265
13500	2380.4658	241.69131	1385.5443	0.9960406	-0.016803332	-0.08732103	0.016734563	0.99985904	-0.0015204363	0.08733408	5.308492E-5	0.99618137
16500	3405.0132	211.75827	1395.7169	0.99783903	-0.010532064	-0.06490012	0.009898897	0.9999009	-0.010071349	0.06499945	0.009407039	0.9978436

23500	4585.41	238.72787	1479.2448	0.99539435	-0.0028651915	-0.0958673	-2.9036961E-4	0.99945986	-0.032887332	0.095909655	0.032763485	0.9948542

# music: clap at 29000
28500	4596.429	255.16496	1978.6771	0.9999658	1.2371456E-6	-0.008795245	-2.9036961E-4	0.99945986	-0.032887332	0.008790361	0.032888528	0.99942386
30500	4604.818	266.27582	2896.5283	0.99957216	0.028839609	0.0062778722	-0.029133137	0.9981588	0.05326156	-0.0047314037	-0.05342122	0.9985678
32500	4622.7085	296.64105	5057.177	0.99996454	-0.0018239936	-0.008735113	0.0016884067	0.99987894	-0.01551974	0.008762253	0.015504334	0.999845

33500	4629.9263	226.91035	5828.171	0.99970955	0.0075516114	0.02308304	-0.0063314685	0.99860424	-0.05247649	-0.02344703	0.052314788	0.9983605

34500	4629.9263	226.91035	5828.171	0.9832344	-0.0036591887	-0.1823349	-0.18234403	-0.002352694	-0.98323727	0.003169069	0.99999297	-0.0029804404

35500	4583.321	2880.572	5789.694	0.99992526	0.008890521	0.009252946	0.008830511	0.046448864	-0.99888945	-0.009310088	0.9988858	0.046366647

36500	4583.321	2880.572	5789.694	0.53258187	0.83867395	-0.1139976	0.35259774	-0.34229028	-0.8709352	-0.7694468	0.4236444	-0.47800976

37500	1177.5803	2081.0464	3636.098	-0.48909518	0.7233298	0.48743883	0.1390951	0.6163661	-0.77508837	-0.8610799	-0.31128693	-0.40207097
38500	404.6137	2348.7058	2727.226	-0.4346625	0.68143415	0.58884054	0.6906043	0.67186314	-0.26773602	-0.5780616	0.29027718	-0.76263016

40500	170.21225	2378.2551	2195.922	-0.99843603	-0.021916345	-0.051656015	-0.02986795	0.9869022	0.15857777	0.04750302	0.15987012	-0.9860059

# music: clap
43500	253.41603	2412.8123	1517.8757	-0.9997259	-0.023895912	6.398298E-4	-0.02385599	0.99902964	0.037226573	-0.0015293229	0.037200563	-0.99931836
44000	551.2352	2388.7559	1490.908	-0.06858342	0.051039968	-0.9963515	-0.0024729855	0.99868643	0.05133025	0.9976548	0.0059837787	-0.06836623
44500	1948.9563	2444.7036	1477.5443	-0.044165067	0.15046693	-0.98764116	-0.29385984	0.9429101	0.1567942	0.95484155	0.29714727	0.0025729407

46500	3237.0027	2878.588	1487.1082	-0.027131382	0.15417203	-0.98768467	-0.22654322	0.96138877	0.15629186	0.973637	0.22798944	0.008843231
47500	5123.221	3010.6611	1497.8151	-0.0973677	-0.031386636	-0.99476767	-0.027344406	0.9992192	-0.028850721	0.99488765	0.024391625	-0.098148204
49500	5123.221	3010.6611	1497.8151	0.982689	0.018314417	-0.18443583	-0.02552388	0.99900657	-0.036790382	0.1835779	0.040860433	0.9821703
51500	5404.378	2859.7678	2914.823	0.41765028	-0.109266534	0.90203047	0.0015650066	0.9928376	0.11954312	-0.90862364	-0.04851438	0.4148247
53500	8451.473	3001.3987	1698.5345	0.4138036	0.029973138	0.9098892	-0.05657592	0.99838245	-0.0071586054	-0.90862364	-0.04851438	0.4148247
55500	10651.801	2951.827	589.9616	0.5642133	0.0055983644	0.82562864	0.07470884	0.9955386	-0.05780431	-0.8222613	0.094294	0.56127095

# music clap
#59200	12332.151	2705.1367	-498.14105	0.50553083	0.012768207	0.8627318	0.16383842	0.98028785	-0.11051127	-0.84712887	0.19721161	0.49346766
59200	12332.151	2705.1367	-498.14105	0.47485203	0.012667756	0.8799918	0.04529782	0.99822944	-0.038812872	-0.8789178	0.05829107	0.4734316
