0	0.0	1000.0	-100.0	1.0	0.0	0.0	0.0	0.8386707	0.54463917	0.0	-0.54463917	0.8386707
10000	0.0	1000.0	-100.0	1.0	0.0	0.0	0.0	0.8910067	0.45399067	0.0	-0.45399067	0.8910067
20000	0.0	1000.0	-100.0	1.0	0.0	0.0	0.0	0.99619526	0.08715589	0.0	-0.08715589	0.99619526

#1000000	0.0	1000.0	-100.0	1.0	0.0	0.0	0.0	0.99619526	0.08715589	0.0	-0.08715589	0.99619526
25000	0.0	1000.0	-100.0	1.0	0.0	0.0	0.0	0.3255688	-0.94551975	0.0	0.94551975	0.3255688
