# define sequence of key positions in world space
#timestamp_in_millis	x	y	z	xx	xy	xz	yx	yy	yz	zx	zy	zz

#zoom 4 corners of plane
500	-49.0	47.0	-150.0	0.9661252	0.02267422	-0.25707713	0.022678796	0.9848201	0.17209074	0.25707668	-0.17209134	0.9509451
1000	114.93654	48.76799	-87.63251	0.655234	-0.17310779	0.73532563	-0.0077070408	0.9718084	0.23564747	-0.7553878	-0.16007134	0.63542795
1500	101.02465	-74.209206	-60.66114	0.3918231	-0.20297423	0.8973735	0.5494493	0.83395356	-0.05127872	-0.7379591	0.5131524	0.43828657
2000	-53.253677	-92.07468	-61.61276	0.87867594	-0.47268528	0.06710086	0.32981777	0.49936628	-0.80116075	0.3451875	0.7260895	0.5946798
#repeat
2500	-49.0	47.0	-150.0	0.9661252	0.02267422	-0.25707713	0.022678796	0.9848201	0.17209074	0.25707668	-0.17209134	0.9509451
3000	114.93654	48.76799	-87.63251	0.655234	-0.17310779	0.73532563	-0.0077070408	0.9718084	0.23564747	-0.7553878	-0.16007134	0.63542795
3500	101.02465	-74.209206	-60.66114	0.3918231	-0.20297423	0.8973735	0.5494493	0.83395356	-0.05127872	-0.7379591	0.5131524	0.43828657
4000	-53.253677	-92.07468	-61.61276	0.87867594	-0.47268528	0.06710086	0.32981777	0.49936628	-0.80116075	0.3451875	0.7260895	0.5946798

#
#2500	0.0	0.0	-200.0	1.0	0.0	0.0	0.0	1.0	0.0	0.0	0.0	1.0
#2500	-20.0	0.0	-70.0	1.0	0.0	0.0	0.0	1.0	0.0	0.0	0.0	1.0
