#0	-365.4134	-9.0	-281.21756	0.9205049	0.0	-0.39073113	0.0	1.0	0.0	0.39073113	0.0	0.9205049
0	-345.74496	-16.0	-273.27094	0.9205049	0.0	-0.39073113	0.0	1.0	0.0	0.39073113	0.0	0.9205049
20000	-218.43158	6.0	-175.07845	0.97029597	0.0	-0.24192198	0.0126612205	0.99862957	0.050781365	0.24159046	-0.052335955	0.9689662
32000	-185.7577	2.0748045	-106.03494	0.97029597	0.0	-0.24192198	0.0126612205	0.99862957	0.050781365	0.24159046	-0.052335955	0.9689662
50000	-149.7155	-2.6792767	17.853653	0.97029597	0.0	-0.24192198	0.0126612205	0.99862957	0.050781365	0.24159046	-0.052335955	0.9689662

# lookup
54000	-149.7155	-2.6792767	17.853653	0.96126205	0.0	-0.27563742	-0.15413468	0.8290385	-0.5375315	0.228514	0.55919343	0.7969231
59000	-149.7155	-2.6792767	17.853653	0.96126205	0.0	-0.27563742	-0.0048106126	0.999849	-0.016776523	0.27559572	0.01745235	0.96111685

# towards door
66000	-126.033325	-2.783745	113.920074	0.96592623	0.0	-0.2588191	0.0045169597	0.9998493	0.01685759	0.2587801	-0.017452504	0.96578044
73000	24.384493	19.017973	161.37103	0.7771471	0.0	0.62932116	-0.07669495	0.9925478	0.094710425	-0.6246311	-0.12186962	0.77135557
80000	-14.709139	-15.562891	217.593	0.7771471	0.0	0.62932116	-0.032936063	0.9986313	0.04067269	-0.6284595	-0.052336127	0.77608323
